48
29 20 29 27 26 25 9 10 7 60 41 61 42 62 52 60 52 46 28 28 30 27 30 27 27 18 49 41 15 49 37 57 55 58 50 30 49 36 30 58 29 47 31 45 32 34 43 41
0 1 589 588 587 586 585 584 1673 590 591 592 593 594 595 596 597 599 598 600 601 602 603 604 605 607 608 606 1721
2 1648 4 3 6 5 7 8 9 10 12 11 13 14 17 16 15 18 19 1652
20 1653 22 21 23 24 25 26 28 27 29 30 31 32 33 34 35 36 37 38 40 39 41 43 42 44 45 46 1656
47 48 49 50 51 52 53 54 55 56 57 58 59 62 61 60 63 64 65 66 67 69 68 70 1660 1661 1654
71 72 1666 73 74 75 76 77 78 79 80 81 82 83 84 85 86 87 88 90 89 92 91 94 93 1655
95 97 98 99 100 101 103 102 104 105 1776 106 1670 1671 1672 96 1779 113 112 110 111 109 108 107 1678
114 117 118 1687 1688 115 116 1682 1683
119 122 123 125 124 1697 1698 120 121 1693
126 127 1703 129 128 1707 1708
130 1695 131 132 134 133 135 136 137 138 140 139 141 143 142 144 145 146 147 148 150 149 151 153 152 154 155 156 157 159 158 160 162 161 163 164 165 166 167 168 170 169 171 172 173 174 175 177 176 178 180 179 181 182 183 184 186 185 1676 1674
187 189 191 190 192 193 195 194 196 197 198 199 200 201 202 203 204 207 206 205 208 209 211 210 212 213 214 215 216 218 217 219 220 221 222 224 223 225 1700 188 1680
226 1677 1675 227 228 229 230 232 231 234 233 235 236 237 239 238 240 241 242 243 244 245 247 246 248 249 250 251 253 252 254 255 256 258 257 259 261 260 262 263 264 266 265 267 269 268 270 271 272 274 273 275 276 277 278 279 280 281 283 282 1710
284 285 286 287 288 289 290 291 292 294 293 295 296 297 298 299 301 300 302 303 304 305 306 307 308 309 312 310 311 313 314 315 316 317 318 320 319 322 321 323 1681 1705
324 326 327 328 329 331 330 332 333 334 336 335 338 337 339 341 340 343 342 344 345 346 347 348 349 350 351 353 352 354 355 356 357 358 360 359 361 363 362 364 365 366 368 367 369 370 372 371 373 376 374 375 377 378 380 379 381 383 382 1696 325 1685
384 385 386 387 388 390 389 391 392 395 394 393 396 397 398 399 400 402 401 403 404 405 406 407 409 408 410 412 411 413 415 414 416 417 418 419 420 422 421 423 424 425 426 427 428 429 430 431 432 1690 1702 1701
433 436 435 437 439 438 440 441 442 443 444 445 447 448 446 449 450 453 452 451 454 456 455 457 459 458 460 462 461 464 463 465 466 467 468 469 471 470 473 472 474 475 476 477 479 480 478 481 482 1686 434 489 490 488 487 486 485 483 484 1711
491 493 492 494 495 496 497 498 499 501 500 503 502 1706 539 538 537 535 534 536 533 532 530 531 528 529 527 526 525 524 523 522 520 521 519 517 518 516 515 514 513 511 512 510 508 509 507 505 506 504 1692 1691
540 583 582 580 581 579 578 577 576 574 575 573 572 570 571 569 568 566 567 565 563 564 562 561 560 559 558 557 556 554 555 1717 542 541 543 544 545 546 547 548 550 549 551 553 552 1712
609 1727 1728 610 612 611 613 614 615 617 616 618 620 619 621 622 623 624 625 626 628 627 629 630 631 633 632 1679
634 1732 635 636 637 639 638 641 640 642 644 643 645 646 647 649 648 650 651 652 653 654 655 656 657 658 659 1684
660 1689 661 662 663 664 665 668 667 666 669 670 672 671 673 675 674 676 678 677 679 681 680 683 682 684 1777 1783 1765 1736
685 686 687 689 688 690 691 692 693 694 695 696 698 697 699 701 700 702 704 703 705 706 709 708 707 1694 1740
710 712 713 714 715 717 716 718 719 720 722 721 723 724 725 726 727 728 729 730 731 733 732 1774 1775 1785 1761 1744 711 1699
734 735 736 738 737 739 740 741 742 743 744 745 746 747 748 749 750 752 751 753 754 755 756 758 757 1748 1709
759 761 762 763 764 765 766 767 769 768 770 771 773 772 774 775 776 777 779 778 780 783 782 781 1704 760 1752
784 1719 785 786 787 789 788 790 791 792 793 795 794 796 797 799 798 1723
800 803 802 804 806 805 807 808 809 810 812 811 813 814 815 816 817 818 819 820 821 822 823 824 825 826 827 829 828 830 831 832 833 834 836 835 837 838 839 840 842 841 844 843 845 1716 1714 801 1742
846 848 849 850 851 852 853 854 855 856 857 859 858 860 861 862 863 864 865 866 867 869 868 870 872 871 873 875 874 876 878 877 879 880 881 1769 1768 1763 1746 847 1730
882 1720 883 884 891 892 893 890 889 887 888 886 885 1726 1724
894 1715 895 896 897 898 899 900 902 901 903 905 904 906 907 908 909 911 910 912 913 914 917 916 915 918 920 919 921 922 923 924 925 926 927 929 928 930 932 931 933 934 935 937 936 938 940 939 1750
941 942 944 943 945 946 947 948 949 950 951 952 953 954 955 956 957 958 959 961 960 962 963 964 965 966 967 968 969 970 971 972 973 975 974 1731 1754
976 978 980 979 981 982 984 983 985 986 988 987 989 990 991 992 993 994 995 996 998 997 999 1000 1001 1002 1003 1004 1005 1006 1009 1008 1007 1010 1011 1012 1013 1015 1014 1016 1017 1018 1020 1019 1021 1022 1023 1024 1025 1026 1027 1028 1029 1030 1743 977 1734
1031 1778 1764 1747 1032 1033 1035 1034 1037 1036 1038 1039 1040 1041 1042 1044 1043 1045 1046 1047 1048 1050 1049 1051 1053 1052 1055 1054 1056 1057 1058 1059 1061 1060 1062 1063 1064 1065 1067 1066 1068 1069 1070 1071 1072 1073 1075 1074 1077 1076 1773 1781 1782 1767 1738
1078 1079 1133 1132 1130 1131 1129 1128 1127 1751 1080 1081 1082 1083 1084 1085 1086 1087 1089 1088 1090 1092 1091 1093 1094 1095 1097 1096 1098 1099 1100 1101 1102 1103 1104 1105 1106 1107 1108 1110 1109 1111 1113 1112 1114 1115 1116 1118 1117 1119 1120 1122 1123 1121 1124 1126 1125 1735
1134 1179 1178 1176 1177 1175 1174 1173 1172 1171 1169 1170 1168 1166 1167 1165 1163 1164 1162 1161 1160 1159 1157 1158 1156 1155 1153 1154 1152 1151 1150 1149 1148 1147 1146 1145 1784 1786 1144 1143 1142 1739 1135 1137 1136 1138 1139 1141 1140 1755
1180 1181 1713 1182 1183 1184 1185 1186 1187 1188 1189 1190 1191 1193 1192 1194 1195 1197 1196 1198 1200 1199 1201 1202 1203 1204 1206 1205 1207 1718
1208 1210 1209 1211 1212 1213 1214 1215 1216 1217 1219 1218 1220 1221 1222 1223 1224 1225 1226 1227 1229 1228 1230 1231 1232 1233 1236 1235 1234 1237 1238 1241 1240 1239 1242 1243 1245 1244 1246 1248 1247 1249 1251 1250 1252 1253 1649 1725 1722
1254 1756 1255 1256 1259 1258 1257 1260 1261 1262 1263 1264 1265 1266 1267 1268 1269 1270 1271 1273 1272 1274 1275 1276 1277 1278 1280 1279 1281 1282 1283 1284 1285 1286 1287 1729
1288 1657 1289 1290 1291 1292 1293 1294 1295 1296 1297 1298 1301 1300 1299 1302 1303 1305 1304 1306 1307 1308 1309 1310 1311 1312 1313 1315 1314 1733
1316 1317 1319 1318 1320 1321 1322 1323 1324 1326 1325 1327 1328 1330 1329 1331 1332 1333 1334 1335 1336 1337 1338 1339 1341 1340 1343 1342 1344 1345 1347 1346 1348 1349 1350 1351 1352 1354 1353 1355 1356 1357 1787 1359 1358 1360 1362 1361 1363 1365 1364 1366 1760 1757 1771 1770 1766 1737
1367 1369 1370 1372 1371 1373 1374 1375 1377 1376 1378 1379 1381 1380 1383 1382 1384 1385 1386 1387 1388 1389 1390 1391 1392 1393 1741 1368 1662
1394 1772 1762 1745 1395 1396 1397 1399 1398 1400 1401 1402 1404 1403 1405 1406 1407 1408 1410 1409 1411 1412 1413 1414 1415 1416 1417 1418 1420 1419 1421 1422 1423 1424 1426 1425 1427 1428 1431 1430 1429 1432 1434 1433 1435 1436 1758
1437 1749 1438 1439 1440 1441 1442 1444 1443 1445 1446 1447 1448 1449 1450 1451 1452 1453 1454 1455 1456 1457 1459 1458 1460 1461 1462 1463 1464 1465 1667
1466 1788 1780 1759 1468 1467 1469 1471 1470 1472 1473 1474 1475 1476 1477 1478 1480 1479 1481 1482 1483 1484 1485 1486 1487 1489 1488 1490 1491 1492 1493 1494 1495 1496 1497 1498 1499 1500 1501 1502 1503 1504 1505 1506 1753
1507 1665 1663 1510 1508 1509 1511 1512 1513 1514 1516 1515 1517 1518 1519 1520 1522 1521 1523 1524 1525 1526 1528 1527 1529 1530 1532 1531 1533 1535 1534 1650
1536 1651 1537 1538 1539 1541 1540 1543 1542 1544 1546 1545 1547 1548 1549 1550 1551 1553 1552 1554 1555 1556 1557 1558 1559 1562 1561 1560 1563 1564 1565 1567 1566 1668
1568 1658 1569 1570 1571 1572 1573 1575 1574 1576 1577 1578 1579 1582 1580 1581 1583 1584 1585 1586 1587 1588 1589 1590 1592 1591 1593 1596 1594 1595 1597 1598 1599 1600 1601 1602 1603 1605 1604 1607 1606 1608 1664
1609 1611 1612 1613 1614 1616 1615 1617 1618 1619 1620 1622 1621 1623 1624 1626 1625 1627 1628 1629 1631 1630 1632 1633 1634 1635 1637 1636 1638 1640 1639 1641 1642 1643 1645 1644 1659 1610 1646 1647 1669
